             r (kpc)         err_r (kpc)          r (arcsec)      err_r (arcsec)            v (km/s)        err_v (km/s)      Number of bins                Side
                0.10                0.03                 1.1                 0.3                  15                   4                   6                   r
                0.11                0.03                 1.2                 0.3                  45                   6                   7                   a
                0.20                0.02                 2.2                 0.2                  58                   5                   7                   a
                0.23                0.04                 2.6                 0.4                  25                   4                  16                   r
                0.39                0.04                 4.3                 0.4                  83                   5                  10                   a
                0.39                0.05                 4.3                 0.6                  56                   9                  11                   r
                0.53                0.05                 5.9                 0.6                  96                   6                  11                   a
                0.54                0.06                 6.0                 0.7                  69                   9                  11                   r
                0.69                0.03                 7.7                 0.3                  84                   9                  10                   r
                0.70                0.05                 7.8                 0.6                 100                   5                  15                   a
                0.85                0.04                 9.4                 0.4                  97                   5                  13                   a
                0.86                0.04                 9.5                 0.4                  98                   5                  18                   r
                1.00                0.05                11.1                 0.6                 110                   7                  13                   r
                1.01                0.04                11.2                 0.4                  98                   3                  22                   a
                1.16                0.04                12.9                 0.4                  96                   5                  19                   a
                1.16                0.05                12.9                 0.6                 102                   6                  23                   r
                1.21                0.04                13.4                 0.4                 105                   5                  18                   a
                1.21                0.03                13.4                 0.3                 107                   7                  18                   r
                1.34                0.04                14.9                 0.4                 117                   4                  18                   a
                1.36                0.03                15.1                 0.3                 103                   6                  18                   r
                1.45                0.03                16.1                 0.3                 115                   6                  18                   a
                1.47                0.03                16.3                 0.3                 105                   7                  18                   r
                1.57                0.04                17.4                 0.4                 118                   4                  18                   a
                1.58                0.03                17.5                 0.3                  96                   7                  18                   r
                1.67                0.02                18.5                 0.2                 127                   4                  18                   a
                1.69                0.03                18.7                 0.3                 113                   6                  18                   r
                1.76                0.04                19.5                 0.4                 126                   6                  18                   a
                1.80                0.04                20.0                 0.4                 120                   5                  18                   r
                1.86                0.02                20.6                 0.2                 132                   3                  18                   a
                1.91                0.03                21.2                 0.3                 117                   3                  18                   r
                1.94                0.02                21.5                 0.2                 139                   5                  18                   a
                1.98                0.02                22.0                 0.2                 124                   3                  18                   r
                2.01                0.02                22.3                 0.2                 133                   4                  18                   a
                2.07                0.03                23.0                 0.3                 127                   4                  18                   r
                2.08                0.01                23.1                 0.1                 141                   4                  18                   a
                2.13                0.02                23.6                 0.2                 141                   3                  18                   a
                2.16                0.03                24.0                 0.3                 132                   4                  18                   r
                2.18                0.01                24.2                 0.1                 143                   3                  18                   a
                2.23                0.02                24.7                 0.2                 144                   4                  18                   a
                2.24                0.02                24.8                 0.2                 133                   3                  18                   r
                2.29                0.02                25.4                 0.2                 152                   3                  18                   a
                2.34                0.04                25.9                 0.4                 134                   5                  18                   r
                2.35                0.02                26.1                 0.2                 139                   4                  18                   a
                2.41                0.02                26.7                 0.2                 139                   3                  18                   a
                2.47                0.02                27.4                 0.2                 154                   4                  18                   a
                2.47                0.04                27.4                 0.4                 126                   5                  18                   r
                2.53                0.01                28.1                 0.1                 151                   5                  18                   a
                2.58                0.01                28.6                 0.1                 151                   3                  18                   a
                2.60                0.04                28.8                 0.4                 134                   6                  18                   r
                2.64                0.02                29.3                 0.2                 143                   4                  18                   a
                2.70                0.02                29.9                 0.2                 151                   4                  18                   a
                2.75                0.01                30.5                 0.1                 150                   3                  18                   a
                2.76                0.06                30.6                 0.7                 123                   3                  18                   r
                2.83                0.02                31.4                 0.2                 143                   4                  18                   a
                2.91                0.02                32.3                 0.2                 149                   5                  18                   a
                2.96                0.06                32.8                 0.7                 128                   5                  18                   r
                2.98                0.03                33.0                 0.3                 150                   5                  18                   a
                3.10                0.03                34.4                 0.3                 150                   4                  18                   a
                3.14                0.05                34.8                 0.6                 136                   5                  18                   r
                3.19                0.04                35.4                 0.4                 154                   4                  18                   a
                3.29                0.03                36.5                 0.3                 168                   5                  18                   a
                3.31                0.04                36.7                 0.4                 137                   5                  18                   r
                3.39                0.03                37.6                 0.3                 155                   6                  18                   a
                3.46                0.05                38.4                 0.6                 139                   4                  18                   r
                3.52                0.03                39.0                 0.3                 162                   6                  18                   a
                3.61                0.04                40.0                 0.4                 141                   4                  18                   r
                3.65                0.05                40.5                 0.6                 160                   4                  18                   a
                3.74                0.05                41.5                 0.6                 140                   4                  18                   r
                3.78                0.03                41.9                 0.3                 147                   7                  18                   a
                3.88                0.04                43.0                 0.4                 136                   3                  18                   r
                3.99                0.08                44.2                 0.9                 155                   5                  18                   a
                4.07                0.06                45.1                 0.7                 142                   4                  18                   r
                4.25                0.06                47.1                 0.7                 148                   6                  18                   a
                4.28                0.09                47.5                 1.0                 143                   5                  18                   r
                4.50                0.09                49.9                 1.0                 155                   8                  18                   a
                4.55                0.06                50.5                 0.7                 162                   4                  18                   r
                4.75                0.07                52.7                 0.8                 158                   7                  18                   a
                4.83                0.09                53.6                 1.0                 164                   4                  18                   r
                4.96                0.08                55.0                 0.9                 163                   7                  18                   a
                5.15                0.13                57.1                 1.4                 163                   6                  18                   r
                5.21                0.08                57.8                 0.9                 167                   4                  18                   a
                5.46                0.06                60.5                 0.7                 175                   4                  18                   r
                5.48                0.05                60.8                 0.6                 158                   6                  18                   a
                5.67                0.06                62.9                 0.7                 182                   4                  18                   r
                5.72                0.09                63.4                 1.0                 150                   7                  18                   a
                5.85                0.06                64.9                 0.7                 170                   7                  18                   r
                6.00                0.08                66.5                 0.9                 141                   5                  18                   a
                6.07                0.08                67.3                 0.9                 181                   7                  18                   r
                6.23                0.06                69.1                 0.7                 130                   4                  18                   a
                6.38                0.08                70.8                 0.9                 182                   5                  18                   r
                6.43                0.05                71.3                 0.6                 143                   6                  18                   a
                6.63                0.07                73.5                 0.8                 181                   5                  18                   r
                6.66                0.09                73.9                 1.0                 143                   6                  18                   a
                6.84                0.06                75.9                 0.7                 186                   7                  18                   r
                7.29                0.40                80.8                 4.4                 194                   6                  17                   r
                7.40                0.43                82.1                 4.8                 150                   6                  17                   a
