             r (kpc)         err_r (kpc)          r (arcsec)      err_r (arcsec)            v (km/s)        err_v (km/s)      Number of bins                Side
                0.04                0.02                 0.8                 0.4                 -17                   9                   2                   a
                0.09                0.00                 1.9                 0.0                 -28                   9                   1                   a
                0.10                0.02                 2.2                 0.4                  30                   3                   4                   r
                0.16                0.02                 3.5                 0.4                 -22                   3                   6                   a
                0.17                0.02                 3.7                 0.4                  30                   5                   7                   r
                0.23                0.02                 5.0                 0.4                 -16                   2                   8                   a
                0.24                0.01                 5.4                 0.3                  24                   4                   6                   r
                0.30                0.02                 6.6                 0.4                 -14                   3                  14                   a
                0.30                0.02                 6.8                 0.4                  22                   4                  11                   r
                0.36                0.02                 8.0                 0.4                  -6                   2                  13                   a
                0.36                0.02                 8.1                 0.4                  23                   1                  12                   r
                0.41                0.01                 9.1                 0.3                 -10                   1                  20                   a
                0.41                0.02                 9.2                 0.3                  27                   2                  20                   r
                0.46                0.02                10.3                 0.4                  -8                   1                  20                   a
                0.47                0.01                10.3                 0.3                  30                   2                  20                   r
                0.52                0.02                11.5                 0.4                  28                   1                  20                   r
                0.54                0.02                12.1                 0.5                  -4                   4                  20                   a
                0.58                0.02                12.8                 0.4                  28                   1                  20                   r
                0.60                0.02                13.4                 0.4                   0                   3                  20                   a
                0.63                0.01                13.9                 0.3                  31                   2                  20                   r
                0.67                0.02                14.8                 0.4                   5                   3                  20                   a
                0.68                0.01                15.1                 0.3                  27                   1                  20                   r
                0.72                0.02                16.0                 0.4                   6                   3                  20                   a
                0.72                0.02                16.1                 0.3                  30                   2                  20                   r
                0.76                0.01                16.9                 0.2                  27                   2                  20                   r
                0.79                0.02                17.5                 0.5                   0                   3                  20                   a
                0.80                0.02                17.8                 0.3                  29                   2                  20                   r
                0.86                0.02                19.1                 0.4                  28                   2                  20                   r
                0.87                0.03                19.3                 0.7                   0                   4                  20                   a
                0.91                0.02                20.2                 0.4                  23                   2                  20                   r
                0.97                0.02                21.5                 0.4                  27                   2                  20                   r
                0.97                0.03                21.6                 0.6                  10                   3                  20                   a
                1.04                0.02                23.0                 0.5                  30                   4                  20                   r
                1.07                0.03                23.7                 0.6                   8                   3                  20                   a
                1.10                0.02                24.5                 0.5                  35                   2                  20                   r
                1.17                0.02                25.9                 0.4                  29                   4                  20                   r
                1.18                0.04                26.2                 0.8                  15                   3                  20                   a
                1.24                0.02                27.4                 0.4                  30                   3                  20                   r
                1.27                0.03                28.3                 0.6                  17                   1                  20                   a
                1.30                0.02                28.8                 0.5                  29                   4                  20                   r
                1.36                0.02                30.1                 0.4                  37                   4                  20                   r
                1.37                0.03                30.3                 0.6                  22                   1                  20                   a
                1.41                0.02                31.3                 0.4                  37                   3                  20                   r
                1.46                0.01                32.5                 0.3                  39                   3                  20                   r
                1.47                0.03                32.6                 0.8                  20                   3                  20                   a
                1.52                0.02                33.8                 0.4                  39                   4                  20                   r
                1.55                0.02                34.3                 0.4                  30                   4                  20                   a
                1.59                0.02                35.3                 0.4                  38                   4                  20                   r
                1.61                0.02                35.7                 0.4                  33                   2                  20                   a
                1.66                0.02                36.8                 0.5                  32                   3                  20                   r
                1.68                0.02                37.2                 0.4                  29                   2                  20                   a
                1.74                0.02                38.6                 0.5                  38                   4                  20                   r
                1.76                0.02                39.1                 0.5                  37                   2                  20                   a
                1.82                0.02                40.4                 0.5                  46                   4                  20                   r
                1.85                0.03                41.0                 0.6                  37                   1                  20                   a
                1.91                0.03                42.3                 0.6                  41                   4                  20                   r
                1.92                0.02                42.7                 0.4                  38                   2                  20                   a
                1.98                0.01                43.8                 0.2                  36                   4                  20                   a
                2.00                0.02                44.3                 0.5                  37                   2                  20                   r
                2.02                0.02                44.9                 0.3                  36                   2                  20                   a
                2.07                0.01                46.0                 0.3                  37                   1                  20                   a
                2.07                0.01                46.0                 0.3                  39                   4                  20                   r
                2.13                0.02                47.2                 0.4                  40                   2                  20                   a
                2.15                0.03                47.7                 0.6                  47                   2                  20                   r
                2.20                0.03                48.8                 0.6                  41                   3                  20                   a
                2.24                0.02                49.6                 0.4                  42                   4                  20                   r
                2.27                0.02                50.3                 0.4                  46                   3                  20                   a
                2.31                0.02                51.2                 0.5                  50                   2                  20                   r
                2.35                0.02                52.2                 0.5                  44                   4                  20                   a
                2.39                0.02                53.0                 0.4                  52                   3                  20                   r
                2.43                0.03                53.9                 0.6                  53                   3                  20                   a
                2.47                0.03                54.7                 0.6                  51                   4                  20                   r
                2.52                0.02                55.8                 0.5                  50                   3                  20                   a
                2.56                0.03                56.8                 0.6                  53                   4                  20                   r
                2.59                0.02                57.5                 0.5                  45                   2                  20                   a
                2.66                0.03                59.0                 0.7                  66                   3                  20                   r
                2.68                0.02                59.4                 0.5                  56                   3                  20                   a
                2.77                0.02                61.5                 0.5                  64                   4                  20                   a
                2.79                0.04                61.9                 1.0                  67                   3                  20                   r
                2.85                0.02                63.1                 0.4                  73                   4                  20                   a
                2.92                0.02                64.7                 0.5                  62                   3                  20                   a
                2.95                0.04                65.3                 0.9                  55                   4                  20                   r
                2.98                0.02                66.1                 0.3                  67                   4                  20                   a
                3.04                0.02                67.4                 0.4                  72                   4                  20                   a
                3.09                0.02                68.5                 0.4                  69                   1                  20                   a
                3.13                0.07                69.4                 1.5                  65                   3                  20                   r
                3.14                0.01                69.7                 0.3                  72                   3                  20                   a
                3.20                0.01                70.9                 0.3                  70                   3                  20                   a
                3.25                0.02                72.1                 0.3                  73                   3                  20                   a
                3.30                0.01                73.1                 0.2                  74                   3                  20                   a
                3.33                0.01                74.0                 0.2                  71                   3                  20                   a
                3.34                0.07                74.2                 1.5                  67                   3                  20                   r
                3.36                0.01                74.6                 0.2                  79                   3                  20                   a
                3.41                0.02                75.5                 0.3                  74                   3                  20                   a
                3.47                0.02                77.0                 0.5                  80                   2                  20                   a
                3.54                0.02                78.6                 0.5                  81                   4                  20                   a
                3.62                0.02                80.3                 0.5                  78                   2                  20                   a
                3.65                0.09                81.0                 2.0                  82                   4                  20                   r
                3.67                0.01                81.3                 0.3                  75                   4                  20                   a
                3.73                0.02                82.7                 0.4                  81                   3                  20                   a
                3.81                0.03                84.5                 0.6                  83                   5                  20                   a
                3.89                0.02                86.4                 0.5                  90                   2                  20                   a
                3.92                0.09                87.0                 2.0                  74                   3                  20                   r
                3.97                0.03                88.0                 0.6                  96                   3                  20                   a
                4.06                0.03                90.1                 0.7                  87                   3                  20                   a
                4.16                0.03                92.2                 0.7                  81                   4                  20                   a
                4.20                0.05                93.2                 1.1                  78                   4                  20                   r
                4.28                0.03                94.9                 0.7                  87                   4                  20                   a
                4.37                0.02                97.0                 0.5                  79                   3                  20                   a
                4.39                0.05                97.4                 1.1                  88                   3                  20                   r
                4.46                0.02                98.8                 0.5                  84                   2                  20                   a
                4.51                0.01               100.1                 0.3                  94                   3                  20                   a
                4.54                0.04               100.8                 0.8                  90                   4                  20                   r
                4.58                0.02               101.5                 0.4                  99                   2                  20                   a
                4.62                0.01               102.5                 0.2                  97                   3                  20                   a
                4.65                0.02               103.1                 0.5                  90                   2                  20                   r
                4.66                0.01               103.4                 0.3                  97                   3                  20                   a
                4.70                0.01               104.3                 0.2                 101                   3                  20                   a
                4.73                0.03               104.9                 0.6                  90                   2                  20                   r
                4.74                0.01               105.1                 0.2                 104                   2                  20                   a
                4.77                0.01               105.8                 0.2                 102                   2                  20                   a
                4.80                0.01               106.5                 0.2                 109                   2                  20                   a
                4.81                0.02               106.7                 0.5                  91                   3                  20                   r
                4.84                0.01               107.3                 0.3                 107                   2                  20                   a
                4.88                0.01               108.2                 0.2                 111                   2                  20                   a
                4.89                0.02               108.4                 0.5                  95                   3                  20                   r
                4.91                0.01               108.9                 0.2                 106                   2                  20                   a
                4.94                0.01               109.6                 0.2                 109                   3                  20                   a
                4.98                0.01               110.4                 0.3                 114                   2                  20                   a
                4.99                0.03               110.6                 0.7                 102                   3                  20                   r
                5.03                0.01               111.5                 0.3                 114                   3                  20                   a
                5.08                0.02               112.7                 0.3                 119                   3                  20                   a
                5.10                0.04               113.2                 0.8                 105                   3                  20                   r
                5.16                0.03               114.4                 0.6                 114                   3                  20                   a
                5.24                0.04               116.1                 0.9                 103                   3                  20                   r
                5.24                0.04               116.3                 0.9                 125                   3                  20                   a
                5.38                0.04               119.3                 1.0                 120                   7                  20                   a
                5.40                0.05               119.7                 1.1                 115                   3                  20                   r
                5.51                0.04               122.3                 0.8                 103                   5                  20                   r
                5.55                0.05               123.0                 1.1                  99                   5                  20                   a
                5.68                0.03               125.9                 0.7                 103                   4                  20                   r
                5.68                0.03               126.0                 0.7                 110                   5                  20                   a
                5.78                0.02               128.3                 0.5                  95                   4                  20                   a
                5.80                0.03               128.6                 0.7                  89                   3                  20                   r
                5.86                0.02               130.1                 0.5                 100                   4                  20                   a
                5.88                0.02               130.4                 0.5                  95                   4                  20                   r
                5.93                0.02               131.5                 0.4                  94                   2                  20                   a
                5.95                0.02               132.0                 0.4                  92                   3                  20                   r
                5.99                0.01               132.8                 0.3                  92                   4                  20                   a
                6.00                0.01               133.1                 0.2                  89                   3                  20                   r
                6.04                0.02               134.0                 0.4                  94                   1                  20                   a
                6.04                0.01               134.0                 0.3                  84                   2                  20                   r
                6.09                0.01               135.0                 0.2                  89                   4                  20                   r
                6.09                0.01               135.1                 0.2                  92                   3                  20                   a
                6.12                0.01               135.7                 0.3                  84                   1                  20                   r
                6.13                0.01               135.9                 0.3                  94                   2                  20                   a
                6.17                0.01               136.7                 0.2                  87                   2                  20                   r
                6.18                0.01               137.1                 0.3                  95                   2                  20                   a
                6.21                0.01               137.7                 0.3                  90                   3                  20                   r
                6.24                0.01               138.3                 0.3                  99                   2                  20                   a
                6.25                0.01               138.6                 0.3                  96                   4                  20                   r
                6.29                0.02               139.4                 0.4                 101                   3                  20                   a
                6.29                0.01               139.5                 0.3                  91                   3                  20                   r
                6.34                0.01               140.5                 0.3                  92                   3                  20                   r
                6.35                0.02               140.9                 0.4                  98                   2                  20                   a
                6.38                0.01               141.4                 0.3                 102                   3                  20                   r
                6.42                0.02               142.5                 0.5                  99                   3                  20                   r
                6.42                0.03               142.5                 0.7                 106                   2                  20                   a
                6.50                0.02               144.1                 0.4                  98                   5                  20                   r
                6.55                0.05               145.3                 1.1                  99                   4                  20                   a
                6.56                0.03               145.5                 0.6                 110                   4                  20                   r
                6.65                0.02               147.5                 0.5                 103                   4                  20                   r
                6.73                0.03               149.3                 0.6                 107                   3                  20                   r
                6.80                0.09               150.8                 2.0                 101                   5                  20                   a
                6.82                0.02               151.3                 0.4                 105                   3                  20                   r
                6.92                0.03               153.6                 0.8                 112                   4                  20                   r
                7.04                0.04               156.1                 0.8                 124                   3                  20                   r
                7.13                0.07               158.1                 1.6                 100                   4                  20                   a
                7.17                0.03               158.9                 0.6                 130                   4                  20                   r
                7.25                0.02               160.7                 0.5                 134                   4                  20                   r
                7.32                0.03               162.3                 0.8                 107                   2                  20                   a
                7.38                0.07               163.7                 1.5                 118                   6                  20                   r
                7.43                0.03               164.8                 0.7                 105                   3                  20                   a
                7.52                0.03               166.9                 0.6                 105                   2                  20                   a
                7.62                0.07               169.0                 1.7                  96                   6                  20                   r
                7.62                0.02               169.1                 0.5                 113                   3                  20                   a
                7.71                0.03               171.1                 0.7                 103                   3                  20                   a
                7.79                0.05               172.8                 1.0                 101                   7                  20                   r
                7.82                0.03               173.4                 0.7                 108                   3                  20                   a
                7.95                0.04               176.2                 1.0                 100                   5                  20                   r
                7.95                0.06               176.3                 1.2                  98                   4                  20                   a
                8.09                0.06               179.5                 1.3                  98                   4                  20                   r
                8.17                0.07               181.1                 1.7                 109                   5                  20                   a
                8.39                0.19               186.2                 4.1                 104                   5                  20                   r
                8.89                0.42               197.3                 9.4                 106                   7                  19                   a
