             r (kpc)         err_r (kpc)          r (arcsec)      err_r (arcsec)            v (km/s)        err_v (km/s)      Number of bins                Side
                0.02                0.01                 0.7                 0.4                 -26                   5                   2                   r
                0.03                0.01                 1.1                 0.4                  27                  15                   2                   a
                0.06                0.01                 2.2                 0.4                  10                   3                   8                   a
                0.06                0.01                 2.2                 0.4                  -4                   6                   8                   r
                0.11                0.01                 4.0                 0.4                  24                   4                   7                   a
                0.11                0.01                 4.0                 0.4                 -12                   5                  12                   r
                0.15                0.01                 5.4                 0.4                  25                   3                   7                   a
                0.15                0.02                 5.4                 0.7                  -1                   6                   9                   r
                0.19                0.01                 6.9                 0.4                   1                   6                   9                   r
                0.20                0.01                 7.2                 0.4                  26                   3                   5                   a
                0.23                0.01                 8.3                 0.4                  36                   4                   8                   a
                0.23                0.01                 8.3                 0.4                   5                  10                   7                   r
                0.28                0.01                10.1                 0.4                  17                   4                  12                   a
                0.28                0.01                10.1                 0.4                  19                   6                  11                   r
                0.32                0.01                11.6                 0.4                  13                   6                   8                   r
                0.33                0.01                11.9                 0.4                  19                   4                   9                   a
                0.36                0.01                13.0                 0.4                  30                   4                  11                   a
                0.36                0.01                13.0                 0.4                  31                   3                   6                   r
                0.40                0.01                14.5                 0.4                  30                   7                   7                   r
                0.41                0.01                14.8                 0.4                  18                   6                  13                   a
                0.45                0.01                16.3                 0.4                  20                   4                  10                   a
                0.46                0.01                16.6                 0.4                  34                   6                   9                   r
                0.49                0.01                17.7                 0.4                  38                   4                  13                   a
                0.50                0.01                18.1                 0.4                  50                   7                   7                   r
                0.54                0.01                19.5                 0.4                  41                   4                  11                   a
                0.54                0.01                19.5                 0.4                  50                   6                  11                   r
                0.58                0.01                21.0                 0.4                  43                   4                  10                   a
                0.58                0.01                21.0                 0.4                  53                  10                   5                   r
                0.62                0.01                22.4                 0.4                  54                   4                   9                   a
                0.62                0.01                22.4                 0.4                  72                   4                   6                   r
                0.67                0.02                24.2                 0.7                  41                   7                   8                   a
                0.67                0.01                24.2                 0.4                  48                   4                   9                   r
                0.70                0.01                25.3                 0.4                  51                  10                   5                   a
                0.71                0.01                25.7                 0.4                  62                   4                  14                   r
                0.73                0.01                26.4                 0.4                  59                   4                  16                   r
                0.75                0.02                27.1                 0.7                  50                   5                  16                   a
                0.76                0.01                27.5                 0.4                  52                   5                  16                   r
                0.79                0.01                28.6                 0.4                  56                   4                  16                   r
                0.82                0.02                29.7                 0.7                  44                   3                  16                   a
                0.83                0.01                30.0                 0.4                  59                   5                  16                   r
                0.86                0.01                31.1                 0.4                  57                   3                  16                   r
                0.87                0.01                31.5                 0.4                  42                   4                  16                   a
                0.90                0.01                32.6                 0.4                  61                   3                  16                   r
                0.91                0.01                32.9                 0.4                  37                   3                  16                   a
                0.94                0.01                34.0                 0.4                  45                   2                  16                   a
                0.94                0.01                34.0                 0.4                  78                   6                  16                   r
                0.99                0.02                35.8                 0.7                  47                   3                  16                   a
                0.99                0.01                35.8                 0.4                  67                   4                  16                   r
                1.03                0.01                37.3                 0.4                  67                   4                  16                   r
                1.06                0.01                38.4                 0.4                  50                   3                  16                   r
                1.07                0.02                38.7                 0.7                  47                   4                  16                   a
                1.09                0.01                39.4                 0.4                  56                   5                  16                   r
                1.12                0.01                40.5                 0.4                  53                   3                  16                   r
                1.14                0.02                41.3                 0.7                  56                   4                  16                   a
                1.14                0.00                41.3                 0.0                  51                   5                  16                   r
                1.15                0.01                41.6                 0.4                  56                   3                  16                   r
                1.18                0.01                42.7                 0.4                  56                   6                  16                   r
                1.20                0.01                43.4                 0.4                  64                   4                  16                   r
                1.22                0.01                44.1                 0.4                  68                   5                  16                   r
                1.23                0.02                44.5                 0.7                  60                   4                  16                   a
                1.24                0.01                44.9                 0.4                  59                   4                  16                   r
                1.27                0.01                46.0                 0.4                  59                   5                  16                   r
                1.31                0.01                47.4                 0.4                  59                   3                  16                   r
                1.33                0.03                48.1                 1.1                  82                   4                  16                   a
                1.34                0.01                48.5                 0.4                  68                   4                  16                   r
                1.39                0.01                50.3                 0.4                  75                   4                  16                   r
                1.42                0.02                51.4                 0.7                  70                   6                  16                   a
                1.42                0.01                51.4                 0.4                  70                   3                  16                   r
                1.46                0.01                52.8                 0.4                  68                   4                  16                   r
                1.50                0.01                54.3                 0.4                  74                   3                  16                   r
                1.51                0.03                54.6                 1.1                  66                   6                  16                   a
                1.54                0.02                55.7                 0.7                  72                   5                  16                   r
                1.59                0.01                57.5                 0.4                  73                   6                  16                   r
                1.61                0.03                58.3                 1.1                  60                   5                  16                   a
                1.65                0.01                59.7                 0.4                  76                   7                  16                   r
                1.70                0.02                61.5                 0.7                  72                   5                  16                   r
                1.72                0.03                62.2                 1.1                  63                   4                  16                   a
                1.75                0.02                63.3                 0.7                  68                   6                  16                   r
                1.79                0.01                64.8                 0.4                  77                   6                  16                   r
                1.81                0.02                65.5                 0.7                  76                   4                  16                   a
                1.83                0.02                66.2                 0.7                  70                   6                  16                   r
                1.88                0.02                68.0                 0.7                  71                   3                  16                   a
                1.88                0.02                68.0                 0.7                  81                   4                  16                   r
                1.93                0.01                69.8                 0.4                  77                   3                  16                   a
                1.94                0.02                70.2                 0.7                  89                   6                  16                   r
                1.96                0.01                70.9                 0.4                  87                   2                  16                   a
                2.00                0.01                72.4                 0.4                  82                   5                  16                   a
                2.03                0.01                73.5                 0.4                  78                   4                  16                   a
                2.04                0.03                73.8                 1.1                  72                   8                  16                   r
                2.07                0.01                74.9                 0.4                  76                   4                  16                   a
                2.10                0.01                76.0                 0.4                  83                   3                  16                   a
                2.13                0.01                77.1                 0.4                  84                   3                  16                   a
                2.14                0.03                77.4                 1.1                  80                   7                  16                   r
                2.16                0.01                78.2                 0.4                  80                   3                  16                   a
                2.21                0.01                80.0                 0.4                  90                   4                  16                   a
                2.25                0.01                81.4                 0.4                  82                   5                  16                   a
                2.30                0.01                83.2                 0.4                  86                   6                  16                   a
                2.30                0.06                83.2                 2.2                 108                   5                  16                   r
                2.33                0.01                84.3                 0.4                  92                   4                  16                   a
                2.37                0.01                85.8                 0.4                  86                   4                  16                   a
                2.40                0.01                86.8                 0.4                  85                   3                  16                   a
                2.43                0.01                87.9                 0.4                  85                   3                  16                   a
                2.47                0.01                89.4                 0.4                  84                   4                  16                   a
                2.51                0.01                90.8                 0.4                  92                   4                  16                   a
                2.54                0.10                91.9                 3.6                 107                   3                  16                   r
                2.56                0.02                92.6                 0.7                  98                   3                  16                   a
                2.61                0.01                94.4                 0.4                 101                   5                  16                   a
                2.65                0.01                95.9                 0.4                 110                   3                  16                   a
                2.69                0.01                97.3                 0.4                 103                   3                  16                   a
                2.73                0.01                98.8                 0.4                  94                   4                  16                   a
                2.79                0.02               101.0                 0.7                 107                   4                  16                   a
                2.80                0.05               101.3                 1.8                 114                   4                  16                   r
                2.85                0.02               103.1                 0.7                 109                   5                  16                   a
                2.90                0.02               104.9                 0.7                 103                   4                  16                   r
                2.91                0.02               105.3                 0.7                 104                   5                  16                   a
                2.97                0.02               107.5                 0.7                  99                   3                  16                   a
                2.99                0.04               108.2                 1.4                 111                   3                  16                   r
                3.05                0.02               110.4                 0.7                 104                   5                  16                   a
                3.11                0.02               112.5                 0.7                 106                   4                  16                   a
                3.15                0.05               114.0                 1.8                 111                   5                  16                   r
                3.18                0.02               115.1                 0.7                 102                   4                  16                   a
                3.24                0.02               117.2                 0.7                 113                   3                  16                   a
                3.30                0.01               119.4                 0.4                  99                   3                  16                   a
                3.33                0.05               120.5                 1.8                  99                   5                  16                   r
                3.35                0.01               121.2                 0.4                 101                   3                  16                   a
                3.39                0.01               122.7                 0.4                 109                   4                  16                   a
                3.45                0.03               124.8                 1.1                 106                   6                  16                   r
                3.46                0.03               125.2                 1.1                 116                   5                  16                   a
                3.53                0.03               127.7                 1.1                 106                   2                  16                   r
                3.56                0.03               128.8                 1.1                 116                   5                  16                   a
                3.65                0.04               132.1                 1.4                 110                   4                  16                   r
                3.71                0.05               134.3                 1.8                 114                   5                  16                   a
                3.77                0.02               136.4                 0.7                 106                   5                  16                   r
                3.84                0.02               139.0                 0.7                 104                   3                  16                   r
                3.91                0.03               141.5                 1.1                 108                   3                  16                   r
                3.93                0.08               142.2                 2.9                 107                   6                  13                   a
                4.01                0.02               145.1                 0.7                 112                   4                  16                   r
                4.11                0.04               148.7                 1.4                 112                   4                  16                   r
                4.20                0.02               152.0                 0.7                 111                   3                  16                   r
                4.26                0.02               154.2                 0.7                 113                   3                  16                   r
                4.33                0.02               156.7                 0.7                 106                   3                  16                   r
                4.41                0.02               159.6                 0.7                 108                   2                  16                   r
                4.51                0.05               163.2                 1.8                 100                   3                  16                   r
                4.79                0.12               173.3                 4.3                 105                   5                  11                   r
